100 10
162 0 152 74 0 178 0 182 31 56 114 0 147 0 136 0 0 0 137 158 76 0 0 62 63 119 17 167 0 0 0 76 160 145 0 0 67 1 5 192 0 0 0 0 49 60 0 7 117 0 96 62 0 0 77 152 22 0 178 0 8 18 0 0 50 0 0 0 0 0 179 0 0 45 163 46 0 118 6 0 124 21 0 157 89 0 164 0 0 0 95 0 0 0 0 87 0 23 89 0
12 114 130 0 0 0 112 3 0 196 0 0 194 0 0 189 0 16 73 32 0 0 38 121 99 187 162 0 0 0 0 0 0 0 0 99 11 93 0 172 0 83 12 0 0 0 0 0 0 24 37 0 119 0 0 2 93 0 0 125 8 128 0 112 0 0 0 0 106 53 0 0 0 0 0 0 131 123 0 39 165 118 0 0 22 35 0 0 146 174 21 121 180 12 155 199 3 100 0 0
10 89 182 0 66 0 0 0 98 109 98 0 0 131 0 68 115 30 166 0 84 112 0 153 0 0 70 50 153 0 108 55 0 167 0 1 0 45 0 2 192 42 0 148 51 0 182 38 157 51 30 0 20 74 190 99 70 104 111 0 0 194 0 53 0 124 33 0 52 171 61 19 179 182 0 117 171 18 14 180 82 194 0 0 138 0 179 106 49 29 183 119 74 184 52 38 153 65 23 96
0 0 0 0 0 0 0 164 0 131 0 133 0 0 0 5 0 0 0 158 77 0 144 0 0 0 0 0 0 0 128 5 43 0 0 0 160 19 177 0 0 0 0 0 0 16 0 0 0 0 165 0 0 164 184 0 0 0 118 0 0 0 0 183 0 0 0 197 0 0 168 0 0 0 0 0 0 184 0 0 69 166 0 0 0 0 0 0 0 0 61 0 0 0 112 0 0 0 37 189
0 0 0 0 0 0 0 0 0 0 0 0 0 0 0 0 0 0 0 0 0 0 0 0 0 0 0 0 0 0 0 0 0 0 0 0 0 0 0 0 0 0 0 0 0 0 0 0 0 0 0 0 0 0 0 0 0 0 0 0 0 0 0 0 0 0 0 0 0 0 0 0 0 0 0 0 0 0 0 0 0 0 0 0 0 0 0 0 0 0 0 0 0 0 0 0 0 0 0 0
81 32 142 41 128 66 173 130 35 0 20 122 0 0 151 62 0 52 117 0 123 40 112 43 42 0 0 183 0 0 144 161 32 0 73 75 0 151 124 136 50 0 107 126 146 97 0 0 143 5 10 0 159 170 115 109 0 142 2 135 85 78 127 96 52 0 0 0 38 0 104 112 164 183 148 126 55 0 178 185 179 0 108 0 0 154 0 199 0 40 0 0 74 36 0 8 5 0 0 196
0 0 0 0 0 0 0 0 0 0 0 0 0 0 0 0 0 0 0 0 0 0 0 0 0 0 70 0 0 0 0 0 0 0 0 0 0 0 58 0 0 0 0 0 0 0 0 0 0 0 198 0 80 0 0 0 0 0 0 0 0 0 0 0 127 0 0 0 0 0 0 0 0 0 0 0 0 0 0 0 0 0 0 3 0 196 0 0 0 0 0 0 0 0 19 0 0 0 0 0
0 0 0 0 0 0 153 184 0 120 0 192 0 0 0 119 0 167 133 27 0 0 0 129 67 0 0 0 0 35 0 84 0 0 0 0 0 0 0 189 0 0 126 0 98 112 0 0 0 0 160 143 0 0 0 0 0 0 0 0 0 0 0 0 0 0 0 0 0 0 0 9 0 103 0 0 0 0 0 0 0 0 171 48 0 108 0 183 33 54 41 0 0 0 159 0 102 0 0 89
0 0 0 143 0 0 0 0 0 0 0 0 0 0 0 0 0 0 0 0 0 0 0 0 0 0 0 0 0 0 0 0 0 0 0 0 0 16 0 0 0 0 0 0 0 36 0 0 0 35 0 0 0 0 0 0 0 0 0 0 5 0 55 0 0 0 0 0 0 0 45 0 0 0 0 0 4 151 0 0 0 0 0 0 0 0 0 0 69 0 0 135 0 0 0 0 0 0 0 0
74 130 197 4 0 145 0 163 0 0 45 99 34 180 0 0 90 10 194 150 25 88 0 119 151 183 16 16 197 10 0 0 178 0 0 0 51 35 0 113 0 0 156 0 193 124 0 0 104 156 145 112 0 0 0 185 14 177 126 168 24 48 40 11 14 198 68 163 0 111 0 135 107 0 61 76 0 181 117 0 0 0 128 102 166 0 0 0 93 0 133 0 0 162 5 50 40 58 0 99
0 131 0 110 0 0 0 0 0 60 0 0 0 85 0 0 122 0 0 0 168 0 0 153 0 0 48 0 0 73 0 127 0 0 0 160 64 0 0 0 0 53 0 92 0 0 0 0 60 0 0 30 0 0 71 0 0 131 0 152 0 0 0 0 15 73 0 14 0 166 0 113 0 0 113 0 0 91 0 0 35 0 100 0 0 0 0 0 0 0 0 176 0 151 0 0 0 0 0 0
0 198 0 0 0 53 0 161 0 131 164 0 45 0 0 0 158 0 0 181 0 0 61 0 0 97 0 0 0 0 0 0 147 147 0 61 0 24 29 0 0 116 195 52 0 0 0 0 0 41 0 0 134 0 0 0 35 67 0 85 27 176 0 0 0 0 170 0 0 0 0 0 0 0 0 0 39 64 0 0 0 0 0 11 123 0 150 0 0 0 0 0 0 7 0 0 141 0 0 0
0 0 0 195 0 62 96 0 0 0 0 0 0 0 0 0 18 0 0 27 0 0 0 0 121 103 0 63 79 0 0 0 0 0 0 26 28 34 14 0 0 110 0 0 0 0 131 0 0 105 98 0 130 0 0 156 197 0 176 0 114 141 0 0 15 0 17 0 0 45 0 0 0 82 0 0 0 0 0 0 60 0 0 0 0 0 41 0 0 137 0 0 190 0 0 175 136 64 0 0
0 12 158 82 73 0 181 66 39 76 0 19 19 0 179 54 0 70 21 111 145 0 117 0 89 0 32 192 0 110 156 101 0 86 137 0 0 15 3 0 0 24 0 0 86 110 0 0 0 141 0 0 184 138 0 0 163 33 0 153 129 148 147 138 22 2 62 0 86 193 129 186 140 191 144 0 67 41 0 80 49 0 48 113 199 140 123 0 8 0 0 179 0 0 152 131 104 43 169 146
41 58 178 50 159 0 0 21 176 67 0 27 0 195 135 0 14 0 28 0 41 25 152 26 86 43 45 141 0 44 163 141 64 17 139 4 0 0 9 0 52 21 70 76 179 92 124 0 138 0 103 127 175 145 134 170 141 155 151 191 1 133 174 150 183 47 1 58 0 194 154 0 108 28 66 128 189 20 109 125 0 45 192 28 186 0 136 14 91 145 57 0 75 131 61 129 92 0 165 193
10 0 58 2 0 0 53 0 0 0 129 0 0 14 0 154 66 102 150 0 0 12 108 0 0 152 189 0 30 0 121 192 28 102 121 28 0 0 100 0 3 0 199 108 0 39 20 0 103 0 0 158 0 133 0 0 140 0 119 91 118 80 0 18 0 25 0 188 0 0 75 0 147 179 0 0 0 0 0 100 65 14 64 0 21 151 184 88 140 16 0 0 73 172 0 0 153 0 0 187
60 0 105 127 0 182 57 0 0 0 17 0 0 0 188 0 0 0 0 36 0 130 0 169 0 0 0 0 0 0 0 0 0 0 73 0 0 0 100 85 0 146 0 0 75 146 0 0 178 0 0 0 74 0 125 0 155 85 0 159 0 0 110 0 72 153 60 131 0 133 0 174 58 0 0 10 0 191 0 129 14 187 18 0 0 48 41 0 21 141 0 0 0 23 0 106 0 0 2 167    
175 174 123 0 151 0 0 145 4 73 0 157 0 189 143 0 153 22 181 72 40 0 0 0 175 109 0 0 194 0 59 0 0 124 0 165 0 49 89 114 131 0 96 71 2 158 38 0 50 3 0 65 141 170 119 98 147 55 143 28 0 0 0 172 119 0 100 25 111 181 148 169 173 0 0 199 0 0 41 108 16 0 14 0 0 0 0 187 89 190 18 28 74 62 113 0 103 0 182 116
0 0 0 27 0 0 0 0 0 0 195 27 0 0 0 0 176 0 0 0 0 0 0 0 7 0 0 0 0 0 0 0 0 0 0 47 0 0 0 0 0 0 0 0 0 0 0 0 0 0 0 0 137 0 0 0 0 0 0 0 0 113 0 0 0 66 0 0 0 0 0 0 0 0 0 0 0 162 0 0 0 0 0 0 0 0 0 0 0 0 0 0 0 0 0 0 0 0 0 0
68 60 0 190 0 10 142 157 0 0 177 131 25 0 10 194 92 17 171 0 92 153 0 0 0 116 30 81 46 82 39 0 0 10 78 121 10 38 39 20 39 0 36 0 0 129 0 0 0 91 104 143 80 133 0 156 0 167 36 192 113 147 0 193 134 0 42 0 69 33 84 8 7 31 133 51 179 0 14 171 0 198 66 198 45 161 106 149 0 184 40 0 0 0 0 149 93 60 0 0
0 0 0 0 0 0 0 0 0 0 0 0 0 0 0 0 0 0 0 0 77 0 0 0 0 0 0 0 0 0 0 0 0 0 0 0 0 0 0 0 0 0 0 0 0 0 0 0 0 0 0 0 0 0 0 0 0 0 0 0 128 0 0 0 0 0 0 0 0 0 0 0 0 0 0 0 0 0 0 0 0 0 0 0 119 0 0 0 0 0 0 0 0 103 0 0 0 0 0 0
59 0 71 167 195 0 77 181 151 18 0 0 0 125 0 0 166 0 0 101 192 100 0 0 0 0 167 112 0 0 0 2 191 90 180 161 0 142 132 0 42 59 0 66 0 0 147 0 133 172 0 120 132 99 0 167 0 0 42 125 143 0 125 0 135 0 144 0 0 166 0 102 0 165 0 0 0 89 0 44 38 0 0 0 0 0 163 36 0 186 0 0 0 0 0 64 167 0 0 143
89 0 0 0 84 0 0 0 0 0 0 0 0 39 0 0 0 0 0 0 0 0 0 0 0 47 0 0 0 0 0 40 0 0 166 170 0 0 0 0 0 133 0 50 0 0 0 0 0 0 0 0 0 0 0 0 0 0 0 0 192 144 167 168 88 0 0 0 0 0 0 0 161 15 0 0 186 145 0 97 0 0 0 0 0 0 0 0 0 0 0 0 0 0 0 47 0 0 0 161
0 0 65 133 84 0 150 49 0 0 122 196 0 0 0 0 185 0 0 16 196 5 113 0 5 151 22 0 0 94 14 92 0 8 0 0 0 140 0 28 59 0 14 0 0 0 0 0 165 175 0 0 0 71 0 0 0 0 0 0 0 0 0 0 0 0 0 0 0 0 0 50 155 74 110 61 0 178 0 51 0 0 79 0 0 123 0 141 0 117 167 0 0 47 0 0 144 0 19 181
47 91 182 0 169 0 0 0 86 0 0 115 34 0 25 89 0 54 0 0 62 46 0 51 31 185 0 150 0 188 109 115 0 0 4 0 151 0 0 0 160 140 33 0 170 0 14 0 0 62 0 0 0 0 46 100 90 153 33 40 0 0 0 0 0 128 0 0 0 150 0 5 17 0 0 0 59 139 0 1 0 0 0 0 0 0 0 0 0 0 0 0 0 0 0 0 187 0 0 0
119 133 0 36 0 0 0 0 0 0 0 192 98 0 0 79 53 0 70 0 0 0 0 187 0 103 0 0 0 0 0 0 186 0 0 0 0 126 158 97 0 129 0 0 0 106 0 0 0 115 81 144 79 8 135 0 149 0 0 24 0 0 0 0 0 165 0 0 28 0 150 0 0 0 0 0 131 0 0 0 0 0 0 19 0 137 0 86 0 0 151 0 67 0 0 0 0 0 0 0
126 63 53 198 71 29 141 0 0 73 173 0 187 0 0 127 0 0 30 79 18 159 112 106 59 49 105 101 118 74 0 0 100 156 49 0 44 0 133 0 77 178 197 107 0 0 34 0 80 121 0 198 160 38 115 25 1 0 0 0 0 12 0 1 78 0 184 0 105 2 16 166 175 10 16 186 138 156 103 0 27 0 0 189 45 33 0 0 90 114 147 0 145 0 62 197 0 135 0 170
0 0 0 0 5 32 32 0 143 27 125 0 0 0 0 0 0 186 142 38 0 108 110 123 47 0 0 153 194 66 0 0 0 89 0 110 5 148 0 79 0 0 180 172 0 37 13 0 105 0 103 0 0 181 54 47 5 0 47 24 145 0 107 0 181 0 0 0 0 181 144 134 161 56 168 0 193 9 0 149 0 0 130 119 0 44 0 53 119 0 22 22 89 0 25 116 0 194 178 0
94 45 100 0 0 0 34 0 90 0 0 199 103 143 13 0 45 0 0 64 125 0 5 33 107 0 6 0 100 59 0 0 112 0 0 176 52 112 62 0 0 22 0 53 0 0 113 25 0 149 0 25 53 0 0 190 0 0 92 95 57 23 76 0 6 0 0 0 87 54 41 0 0 0 0 18 0 0 0 61 0 47 0 184 171 87 0 31 0 0 0 0 62 12 104 0 144 49 0 47    
49 80 192 0 0 0 83 0 68 108 0 5 114 195 16 0 110 52 30 0 0 111 159 62 76 39 50 121 50 12 183 0 0 56 155 93 130 166 109 140 118 8 143 117 90 0 0 32 0 0 186 0 24 24 52 152 0 0 131 39 193 160 0 0 127 0 30 78 19 19 116 126 0 0 16 0 0 43 26 0 77 60 0 0 68 19 178 0 0 0 81 188 181 41 7 0 65 88 32 101
199 100 0 19 101 167 84 0 165 150 16 108 91 104 0 9 25 0 79 154 166 46 18 0 128 113 22 50 160 182 187 5 144 58 78 44 0 47 5 163 128 0 106 0 114 30 157 185 33 84 0 27 108 175 111 185 0 144 17 87 45 176 107 0 120 39 96 185 136 0 146 0 0 78 117 139 0 76 111 9 0 172 20 62 2 0 106 0 0 128 133 0 114 32 38 0 153 0 0 0
0 110 0 0 0 159 0 0 124 0 0 67 0 0 0 0 7 0 0 88 0 0 0 0 0 0 0 0 0 0 0 0 0 0 0 108 0 55 0 0 36 0 0 0 0 0 0 0 0 0 0 0 0 0 74 0 3 0 0 0 0 53 0 0 0 10 71 0 0 158 0 0 0 0 0 0 0 0 0 0 0 0 0 0 0 0 71 0 0 0 87 0 190 142 0 0 72 0 0 0
171 14 154 47 125 0 6 139 132 0 19 152 0 0 172 6 151 52 0 28 31 54 142 182 21 150 23 174 187 0 46 183 170 13 105 119 0 0 8 0 123 141 0 53 173 0 0 21 72 131 158 151 42 0 0 0 195 103 174 0 142 199 94 0 65 79 0 0 0 97 59 0 170 192 76 9 91 46 180 112 187 0 83 60 155 147 0 151 178 27 102 60 0 117 98 0 0 0 0 180
140 134 0 42 143 0 135 0 131 199 0 148 160 0 71 5 118 32 7 0 125 28 0 0 0 0 59 0 31 159 0 0 61 35 0 0 0 0 160 0 0 0 167 177 0 54 0 0 56 59 95 9 0 84 189 0 17 0 0 0 34 0 0 104 0 0 0 70 0 0 0 176 60 184 0 0 0 7 67 115 120 169 0 0 0 0 0 53 3 87 0 0 95 0 0 174 76 21 0 31   
42 89 0 89 3 11 7 82 77 183 173 143 71 73 38 155 138 188 0 151 19 37 0 25 104 61 0 70 18 0 58 0 33 53 21 16 153 111 13 11 11 80 161 0 0 137 180 107 98 0 114 26 0 0 0 107 0 150 8 98 0 11 181 168 0 151 96 66 0 135 13 157 0 72 2 101 0 65 0 79 98 0 0 0 119 76 170 0 161 123 137 66 99 25 151 49 89 22 55 0
24 65 197 93 152 0 107 18 0 84 0 75 57 0 145 48 24 16 194 49 58 87 166 109 77 194 0 80 194 89 145 127 198 114 0 0 0 0 0 155 0 0 125 37 36 41 0 63 0 153 0 86 173 105 182 0 150 53 0 48 176 29 44 163 92 0 0 101 111 126 9 127 185 55 98 78 128 0 119 42 0 114 42 170 97 172 151 154 90 52 191 50 50 132 21 128 0 44 0 54
0 181 0 23 174 0 83 0 123 0 4 0 129 121 0 0 0 104 0 168 0 0 0 0 164 142 139 0 82 0 0 0 0 0 0 72 174 7 0 0 154 165 136 0 67 193 163 0 85 0 186 73 0 0 0 198 71 74 0 0 0 61 0 107 154 115 31 29 0 0 146 78 0 0 154 0 10 0 192 0 41 0 0 50 15 41 85 0 0 181 0 0 195 0 104 0 28 160 0 0
0 0 0 0 0 0 0 0 0 0 0 0 1 0 0 0 0 0 83 0 0 178 30 0 0 112 0 153 0 0 0 0 0 0 0 0 0 0 0 0 0 0 0 0 0 0 0 0 0 196 0 119 0 116 0 0 0 0 175 0 0 0 0 0 0 122 0 0 0 0 0 94 0 0 0 0 0 0 0 0 0 0 76 0 0 0 0 0 0 0 0 31 0 0 105 3 0 0 0 0
178 101 0 114 51 0 95 0 0 98 0 99 180 193 161 147 56 0 0 135 172 40 48 0 25 0 172 0 0 36 195 68 50 0 0 103 143 78 0 136 0 146 0 175 0 94 181 0 168 0 38 0 0 23 0 92 170 20 0 0 105 0 88 59 0 0 0 80 0 75 3 0 0 0 190 64 0 48 124 59 0 0 23 0 0 0 0 90 84 8 48 170 54 106 112 121 96 0 9 143
102 0 0 0 0 0 0 0 0 20 0 0 0 0 0 136 46 0 0 138 0 0 168 0 0 0 0 0 0 0 0 108 197 0 0 0 0 197 102 180 30 9 0 151 102 11 0 0 0 48 53 0 0 0 180 0 120 0 0 0 0 0 17 0 89 0 0 0 0 0 0 0 0 0 0 0 0 0 0 0 148 0 0 159 0 0 191 0 0 0 0 89 124 0 0 0 0 0 0 0
33 153 31 181 16 27 4 97 50 55 167 136 58 184 137 44 0 60 179 114 86 49 0 0 0 96 146 198 65 0 135 0 63 7 2 0 105 150 0 0 0 29 168 0 0 144 196 197 85 14 0 93 184 159 148 135 58 82 143 0 137 0 0 105 0 127 15 104 86 166 0 0 133 126 135 92 0 71 75 120 114 0 65 123 0 178 41 0 56 56 183 52 189 34 14 128 0 0 0 0
13 186 150 0 49 0 112 115 12 25 155 32 0 138 117 151 159 93 0 187 179 0 113 0 115 145 52 0 0 9 0 191 23 88 0 178 171 91 139 37 111 0 0 177 167 175 98 14 15 0 128 0 166 154 62 109 71 113 62 49 0 150 151 25 191 39 74 176 0 95 0 118 12 160 55 122 52 0 29 102 177 89 0 18 192 73 57 0 189 0 127 190 0 85 0 58 18 55 39 141
0 0 26 99 0 0 0 0 104 0 0 82 0 0 78 0 96 0 0 130 0 0 0 0 19 152 136 0 0 49 0 0 0 0 0 32 0 0 0 114 109 0 68 70 11 0 0 0 0 88 161 0 0 57 0 0 0 0 125 196 0 106 127 0 150 108 87 0 0 0 0 178 0 0 0 0 92 0 0 25 49 0 192 0 192 0 0 0 0 0 0 0 0 0 9 0 137 0 0 0
0 0 70 52 115 0 0 0 0 0 0 0 0 0 162 0 0 0 0 184 0 0 0 0 29 0 173 0 0 0 0 42 68 0 0 0 0 0 0 132 0 119 0 129 0 73 0 0 36 0 0 0 164 0 0 0 0 0 0 0 124 0 0 0 0 0 0 37 0 0 0 191 0 0 0 0 0 0 0 0 0 58 0 0 79 0 33 0 0 124 0 0 104 0 0 0 80 29 56 101
0 0 0 0 0 0 157 0 48 0 142 0 0 0 0 0 0 0 118 0 0 0 0 0 0 0 35 0 0 0 0 0 0 168 0 0 0 0 0 0 20 0 0 0 0 167 23 0 0 0 0 84 0 0 0 0 0 0 0 0 0 0 0 189 0 0 0 0 0 176 0 0 67 0 0 0 192 120 0 0 0 0 0 114 0 0 194 174 0 0 0 0 0 178 0 31 0 0 0 0
64 0 0 191 0 45 0 0 32 132 0 118 7 16 85 90 0 0 184 82 0 171 122 0 149 20 57 62 49 120 3 61 187 113 0 15 0 102 8 85 135 177 137 100 51 146 0 69 49 152 115 58 83 49 0 186 179 2 17 113 0 77 107 0 103 149 83 199 94 12 0 124 69 68 0 158 134 142 101 154 0 9 0 167 80 0 123 57 0 99 71 20 149 87 6 146 72 11 0 87
0 0 0 0 0 0 0 0 0 108 0 0 0 0 0 0 0 124 10 0 0 0 0 178 129 0 0 0 0 156 0 0 0 0 0 0 0 0 0 0 0 0 0 0 0 0 0 0 0 0 0 0 0 0 0 0 0 0 0 0 0 0 0 0 0 0 0 0 0 0 0 0 0 0 0 0 0 0 0 0 0 42 0 0 0 0 0 0 0 88 0 0 0 0 0 0 61 0 0 0
107 15 188 0 78 23 40 0 125 0 125 0 123 0 148 109 77 0 0 119 27 6 81 9 54 135 72 107 172 14 135 0 0 102 196 39 106 0 4 94 0 26 0 122 0 0 75 116 74 0 0 168 133 0 0 0 113 0 0 0 26 94 22 93 12 0 74 124 0 0 31 77 0 89 0 44 198 189 122 82 146 143 141 84 98 0 0 12 23 152 0 20 199 18 0 0 92 162 125 159
0 0 155 10 0 0 0 173 121 55 131 0 32 49 74 183 158 97 9 158 100 150 101 0 134 71 0 0 101 145 135 139 37 0 0 166 154 0 60 61 55 0 0 5 78 111 34 32 0 0 99 119 0 152 167 21 0 6 159 138 37 0 102 63 0 183 117 162 29 136 184 184 0 100 134 114 114 179 179 89 0 1 0 137 20 117 0 50 0 182 44 0 197 153 10 60 177 197 37 85
98 0 103 46 0 143 124 0 178 0 33 0 27 53 120 53 166 24 0 11 105 164 0 0 167 0 143 97 10 0 0 0 0 110 97 104 161 7 168 147 16 186 7 108 27 0 0 0 57 147 0 0 0 1 3 140 0 121 0 166 0 0 60 74 138 29 66 73 0 130 70 0 84 0 79 29 167 21 0 31 121 0 0 118 0 161 89 134 153 14 0 8 86 18 33 0 185 15 126 43
0 0 0 0 0 0 0 0 0 0 0 132 0 0 0 0 0 186 0 0 177 0 112 0 158 0 0 142 0 0 0 106 0 0 0 0 174 0 0 0 0 0 14 0 0 0 0 0 0 0 0 0 115 120 0 0 175 0 0 0 167 0 0 103 0 0 0 141 149 0 0 0 148 0 0 0 0 0 0 92 0 0 0 100 0 0 13 0 0 0 0 0 0 138 0 150 0 0 0 0
44 193 137 0 0 42 47 164 127 0 0 101 0 176 103 0 137 0 0 178 53 100 189 150 42 107 2 192 83 118 114 54 67 0 133 125 144 43 64 180 96 51 62 103 0 0 99 0 0 122 124 1 75 0 103 117 36 48 0 0 58 0 75 0 189 95 101 196 25 77 110 55 65 0 0 75 148 0 33 60 19 0 73 122 111 197 0 0 65 90 187 70 148 29 192 14 17 0 14 191
0 0 10 0 196 155 186 189 57 94 0 124 169 0 27 0 131 0 119 51 137 45 0 56 0 159 0 99 171 0 0 15 38 99 97 0 26 147 52 16 156 60 41 0 71 0 111 128 118 15 0 46 0 47 101 48 0 0 0 121 44 0 0 0 99 0 126 133 107 0 80 199 0 188 3 62 129 62 0 0 0 0 184 145 0 100 162 0 0 62 0 100 18 63 112 74 102 137 45 199
66 185 126 34 0 1 0 0 30 0 0 0 4 0 68 0 0 101 0 0 22 57 120 0 0 36 0 164 13 0 0 0 0 48 0 79 0 0 0 0 76 0 0 139 23 66 0 0 111 125 0 0 0 5 104 0 157 49 130 0 0 0 0 0 18 42 0 0 0 183 0 0 0 0 0 87 168 0 0 43 63 0 98 11 0 0 121 0 0 0 0 0 0 0 134 0 178 0 0 0
17 177 0 56 0 0 0 0 0 0 0 0 0 0 0 0 0 34 0 0 0 0 2 0 0 0 0 0 0 0 59 0 175 0 0 0 0 138 0 0 0 0 0 71 0 0 0 0 0 0 0 0 47 0 147 0 44 126 0 0 0 0 111 0 105 39 0 0 0 0 0 10 150 0 0 0 0 99 0 0 0 183 0 0 0 0 30 0 0 153 53 45 0 0 136 0 0 123 183 0
0 0 0 0 0 0 0 0 0 0 0 0 0 0 0 0 0 0 0 0 0 0 0 0 0 0 0 0 0 0 0 0 0 0 0 0 0 0 0 0 0 0 0 0 0 0 0 0 0 0 0 0 0 0 0 0 0 0 0 0 0 0 0 0 0 0 0 0 0 0 0 0 0 0 0 0 0 0 0 0 0 0 0 0 0 0 0 0 0 0 0 0 0 0 0 0 0 0 0 0
29 0 0 148 0 0 197 0 0 0 0 0 48 79 75 0 0 0 0 0 0 0 65 113 26 0 26 0 0 74 0 0 0 0 0 119 0 106 106 0 32 126 0 69 0 41 0 198 0 15 0 0 0 0 0 0 185 0 138 81 197 0 0 0 0 0 0 47 0 0 0 0 158 0 0 0 0 0 0 0 0 0 0 0 0 89 83 0 0 0 0 0 56 0 0 171 0 0 159 0
0 0 153 0 129 0 163 142 188 0 0 0 0 75 47 35 186 80 86 0 39 0 0 165 118 0 72 186 0 85 166 12 101 170 0 194 0 130 28 100 129 181 162 26 0 135 58 56 115 56 93 165 0 0 0 15 195 28 59 154 38 82 101 195 180 76 58 39 196 0 159 0 0 12 0 94 9 54 158 111 26 0 187 190 106 0 177 14 15 77 198 158 0 193 0 120 33 94 101 150
0 32 0 0 160 0 0 151 174 0 0 0 0 0 28 0 0 0 0 108 0 117 24 75 0 0 0 0 26 0 0 116 51 0 0 170 25 0 70 176 0 0 6 0 18 0 0 0 146 15 61 0 8 0 0 21 153 0 0 43 0 0 0 0 189 194 164 0 0 166 0 153 117 37 0 0 0 190 0 0 0 5 0 124 0 194 113 0 120 0 18 0 0 128 0 0 180 0 0 0
79 198 28 0 0 0 0 0 0 0 0 0 0 53 0 0 90 0 0 77 154 0 156 0 73 97 0 0 128 157 0 184 179 0 0 0 0 0 106 133 0 0 0 0 0 0 82 0 115 122 0 125 195 0 0 19 0 0 0 0 0 18 0 0 0 0 0 0 0 0 145 0 57 0 57 0 78 0 186 0 0 0 0 0 57 49 0 0 115 84 0 0 0 161 0 0 193 0 30 0
0 0 0 0 0 0 0 0 0 0 0 0 0 0 0 0 0 0 0 0 0 0 0 0 0 0 0 0 0 0 0 0 0 0 0 0 0 0 0 0 0 0 0 0 0 0 0 0 0 0 0 0 0 0 0 0 0 0 0 0 0 0 0 0 0 0 0 0 0 0 0 0 0 0 0 0 0 0 0 0 0 0 0 0 0 0 0 0 0 0 0 0 0 0 0 0 0 0 0 0
112 134 33 0 194 0 0 0 0 32 0 118 0 0 28 0 0 199 0 171 0 0 87 183 0 30 0 0 0 0 0 0 18 49 0 49 90 171 0 133 0 0 94 141 0 155 0 166 175 77 0 159 129 9 0 0 27 27 143 0 0 11 87 57 0 92 122 29 0 62 161 0 0 0 0 57 162 0 0 0 151 109 16 0 71 98 69 0 0 0 28 0 113 0 42 0 0 0 36 77
192 0 157 52 171 142 157 175 190 26 0 17 0 0 0 22 0 195 0 92 197 23 0 0 195 0 0 0 117 0 66 67 154 145 144 0 134 0 75 0 0 0 169 0 130 146 0 0 0 24 0 123 40 177 0 89 135 137 0 0 0 57 0 120 70 147 0 190 0 0 0 119 109 180 0 41 175 16 0 52 0 0 9 0 3 73 178 15 152 163 137 0 192 0 115 0 24 170 0 0
12 0 135 0 131 192 140 23 0 0 161 0 179 11 83 0 0 194 66 0 135 66 0 171 0 151 4 111 0 90 65 143 0 11 175 0 146 20 0 0 0 0 0 0 100 183 195 0 124 14 69 100 0 35 151 159 0 118 0 28 195 0 143 86 0 169 0 107 26 0 45 6 0 0 16 3 177 0 189 102 2 96 0 93 50 0 0 0 78 30 156 36 118 81 135 0 0 59 5 80
137 0 122 164 16 0 0 152 0 0 160 48 0 124 101 0 71 19 84 15 0 0 0 0 0 176 14 0 0 41 0 112 0 99 0 0 171 152 0 96 8 190 0 0 0 80 99 0 64 0 0 0 0 0 14 68 0 70 0 158 128 20 82 15 84 0 0 61 0 0 19 160 0 192 60 150 119 0 45 179 124 68 27 140 94 48 0 0 107 112 46 132 0 38 142 192 164 0 148 186
136 44 31 0 39 3 39 186 154 133 0 0 0 26 0 137 21 196 96 100 0 0 48 0 99 0 0 0 151 188 16 78 183 150 164 121 152 163 116 125 92 74 145 194 0 3 40 180 10 15 10 148 155 171 162 0 184 103 160 163 71 95 47 173 141 0 0 97 124 108 100 136 0 0 98 1 104 57 189 130 25 0 0 166 65 0 64 120 43 106 126 0 0 95 62 187 73 0 0 91
181 53 22 67 170 194 98 2 92 127 92 16 170 0 23 172 194 41 72 105 196 8 0 155 80 37 0 145 5 0 171 0 24 130 0 188 0 0 56 100 78 20 25 0 0 0 102 48 0 0 50 130 66 11 0 142 0 25 0 124 7 0 7 154 41 120 0 50 124 0 150 179 33 34 0 4 0 79 49 0 0 63 140 93 0 0 64 24 69 112 14 11 171 0 0 72 0 172 164 0
150 25 132 0 85 0 0 199 179 0 75 170 159 0 103 0 130 5 0 3 46 87 2 196 182 168 35 166 172 36 8 0 75 0 16 134 4 0 105 99 39 74 146 196 54 23 0 0 66 52 166 195 118 192 95 0 182 31 145 144 155 117 169 0 12 0 0 20 126 39 55 141 58 77 4 94 113 74 88 41 0 0 56 178 177 27 0 32 77 0 69 11 44 144 80 55 170 193 95 60
0 0 0 134 73 0 189 0 77 0 36 0 0 60 138 0 120 103 26 0 0 0 132 0 23 39 0 7 96 11 104 99 73 144 152 38 5 64 0 119 0 97 39 177 182 168 99 63 0 108 180 0 0 199 60 136 0 188 0 22 182 194 174 0 171 0 0 0 0 47 0 0 0 199 80 0 28 46 0 154 67 0 0 173 0 171 59 184 0 0 101 0 84 154 32 183 7 0 0 0
134 12 68 0 104 169 106 0 133 169 74 123 196 107 44 119 31 112 105 127 146 96 0 91 22 135 66 92 5 60 85 99 123 9 0 190 64 150 36 158 183 0 186 0 131 6 122 71 0 49 20 69 145 78 0 0 120 112 75 84 38 0 0 0 0 184 0 196 194 133 0 65 153 129 27 78 164 134 137 95 13 33 0 30 36 42 0 188 42 199 151 80 9 0 0 153 164 0 70 123
17 80 131 0 138 0 0 0 33 0 6 194 21 0 0 0 0 0 0 162 118 0 0 0 0 0 0 196 0 17 0 0 103 0 94 0 0 4 0 0 0 46 0 0 0 0 0 88 0 0 0 0 0 0 0 33 0 50 0 0 122 0 145 111 0 0 0 0 0 0 0 33 144 0 86 0 15 82 0 0 0 0 0 102 95 0 0 0 0 0 0 0 0 0 0 0 0 14 117 0
0 0 0 0 39 0 0 0 122 0 52 2 0 0 107 181 0 43 25 0 0 64 0 181 89 71 2 139 0 189 45 126 0 134 66 0 0 113 173 186 0 75 128 0 163 0 109 91 134 142 52 0 43 50 0 140 0 68 0 184 90 9 0 159 0 0 98 0 33 0 13 0 0 0 198 143 0 0 99 3 70 7 35 106 0 34 0 0 30 0 187 182 119 0 48 25 90 83 0 0
140 141 0 0 0 50 0 19 0 159 0 91 0 134 0 133 22 83 192 20 99 0 0 137 50 147 188 74 179 58 0 0 128 0 18 170 0 0 0 60 195 37 0 0 0 14 0 21 198 79 40 150 0 0 0 168 123 194 0 0 0 22 0 0 0 68 48 38 158 0 0 0 49 0 0 0 181 127 159 0 21 0 0 0 0 177 0 66 92 0 0 0 0 99 25 35 0 47 0 0
0 122 80 107 36 193 133 0 64 34 0 51 65 51 194 179 108 0 81 39 126 0 132 60 0 121 0 37 158 0 119 24 0 187 0 29 36 0 82 148 10 72 0 0 198 0 81 128 141 108 157 97 0 0 173 67 0 76 64 0 174 140 18 92 196 158 56 24 91 0 0 47 169 45 148 0 80 0 82 88 13 9 38 111 143 75 149 0 13 100 5 4 0 0 155 69 8 159 107 0
186 98 0 0 109 0 0 91 84 190 6 0 0 0 0 0 24 28 112 114 97 142 75 58 94 0 0 4 0 0 177 0 99 139 0 0 0 0 11 132 199 0 170 118 0 15 0 0 148 82 196 0 18 11 168 0 143 69 0 20 121 5 37 0 0 0 0 9 0 161 102 0 0 19 5 167 0 0 0 67 15 0 188 141 0 151 0 60 3 0 98 16 187 184 117 0 0 110 121 121
13 0 49 0 0 4 0 0 0 184 0 0 0 0 0 6 51 134 0 89 103 0 0 0 0 0 0 199 0 0 37 0 0 0 0 0 106 49 135 0 0 0 0 118 0 127 0 0 0 0 0 127 0 77 0 0 70 0 0 0 0 0 0 124 0 0 119 0 0 0 0 0 30 0 196 0 0 117 0 22 0 84 0 0 60 79 0 39 159 85 0 0 0 0 0 110 2 0 99 179
54 163 0 93 147 17 196 0 181 10 12 168 0 0 105 15 71 32 0 0 40 88 0 0 180 22 0 177 2 0 136 0 0 0 169 152 9 162 12 41 0 38 20 0 0 0 84 98 135 173 22 0 37 25 10 10 159 27 58 131 82 151 128 0 51 0 29 176 89 0 1 0 0 74 100 191 129 179 99 29 32 41 100 135 167 152 114 90 133 98 52 0 0 162 151 59 0 10 110 135
61 0 0 0 0 0 31 0 0 0 0 0 0 0 0 4 0 0 0 0 0 97 0 0 47 0 0 0 0 0 49 0 0 0 179 107 0 0 0 0 0 0 0 160 0 0 0 0 0 0 161 151 91 0 0 0 0 0 0 0 110 0 186 0 0 24 134 0 0 0 0 14 0 0 0 0 0 0 34 0 49 0 0 0 0 0 0 84 0 133 0 0 190 0 0 0 0 0 0 0
0 0 168 0 0 0 0 0 0 109 165 0 0 0 0 0 0 48 0 0 0 69 0 0 0 0 0 22 31 0 0 0 0 0 0 0 0 0 0 51 0 0 0 0 0 0 0 4 0 0 0 0 0 0 0 0 0 0 0 0 193 0 0 33 0 183 0 0 0 52 0 19 0 9 0 0 0 85 0 44 0 0 134 125 0 0 0 0 0 20 0 156 0 0 89 185 172 0 130 0
169 0 0 0 0 0 0 0 0 0 0 21 0 0 176 90 0 0 193 33 0 0 0 0 0 0 0 61 0 0 0 0 0 87 108 0 180 0 0 0 115 0 0 169 104 0 0 0 0 0 0 0 0 0 0 0 0 0 0 0 0 36 0 0 0 0 97 0 0 0 0 0 0 0 0 0 0 130 133 0 0 0 0 94 0 70 199 46 0 0 0 0 0 0 0 104 137 157 0 0
0 0 0 0 32 92 0 0 0 74 0 0 0 12 0 194 0 0 0 0 0 184 0 0 108 0 0 0 0 138 0 0 0 0 0 76 70 0 124 0 67 0 160 41 0 0 0 0 196 0 0 189 0 0 96 188 162 16 0 0 0 0 49 0 0 80 0 0 0 0 0 0 0 0 104 0 149 0 26 0 0 0 140 0 0 0 0 0 0 152 0 0 0 0 191 0 0 0 0 5
0 0 57 29 0 148 0 180 175 0 88 167 0 92 111 139 113 186 0 158 0 108 167 0 118 179 23 0 97 86 0 0 0 189 181 0 80 0 22 0 0 150 78 125 50 0 139 141 77 0 66 1 0 191 134 0 64 33 164 140 29 79 0 61 46 95 106 124 0 0 0 16 11 0 0 14 0 0 0 59 120 121 0 174 0 88 155 0 196 0 197 0 0 182 132 0 89 0 125 0
191 92 26 66 199 11 91 0 97 0 126 0 168 39 41 12 43 0 157 42 0 19 11 63 0 151 96 0 109 0 75 147 180 125 0 136 0 45 27 0 26 77 131 0 51 146 70 63 160 103 0 10 30 47 46 94 8 63 0 0 0 92 113 47 0 39 0 149 50 0 153 155 45 17 0 88 193 188 192 86 122 0 13 100 47 106 198 163 99 26 0 93 8 151 193 135 64 79 24 0
58 0 0 0 0 9 0 185 0 179 6 100 10 0 104 0 15 122 0 0 147 0 0 160 0 0 79 159 28 136 0 0 0 57 0 0 0 0 0 147 0 0 0 128 0 58 177 0 185 187 36 0 50 92 0 133 0 0 0 0 0 0 0 22 0 105 0 132 134 0 92 0 0 0 0 0 192 0 0 132 0 60 82 187 0 173 0 143 0 69 0 160 0 196 131 68 0 0 115 90
0 0 22 86 0 0 0 0 0 0 0 0 0 0 0 0 0 0 0 0 0 0 0 0 0 0 37 127 0 0 0 0 0 0 0 0 0 0 26 40 154 0 0 2 0 0 122 0 0 0 0 0 33 0 124 0 0 0 44 181 164 0 0 0 0 0 0 0 184 0 0 0 90 0 184 0 123 0 9 25 0 134 0 0 0 153 66 0 0 0 192 0 0 0 0 0 94 0 0 0
0 132 0 0 0 83 0 0 199 51 75 177 148 124 0 39 3 199 67 193 35 64 23 0 57 24 99 54 0 157 125 9 179 183 149 110 0 136 121 55 180 66 37 144 56 0 92 0 0 24 68 91 173 169 179 2 167 170 49 56 0 196 90 21 0 132 116 63 9 140 157 0 72 0 27 0 133 24 31 0 0 169 90 0 141 15 126 0 105 0 28 25 119 0 0 136 69 188 0 30
0 0 101 74 39 0 0 111 178 0 185 0 150 156 165 0 0 86 94 71 8 0 0 0 0 0 81 0 131 0 0 0 0 176 15 0 0 0 13 0 31 44 159 52 62 0 0 0 36 0 66 0 182 0 102 9 179 185 91 86 0 0 0 142 0 0 55 0 0 22 0 165 74 0 0 21 148 0 18 159 0 161 0 0 0 0 10 0 0 174 0 0 78 0 173 135 183 0 0 0
0 0 0 0 0 0 0 0 0 0 0 0 0 0 0 0 33 0 0 0 0 0 0 0 0 0 0 0 0 0 0 0 0 0 0 0 0 0 0 0 0 0 180 0 0 0 0 0 0 0 0 0 0 0 0 0 0 0 0 0 0 0 0 0 0 0 0 0 0 0 0 0 0 0 0 0 0 0 0 181 0 0 0 3 56 0 0 0 0 0 0 0 0 0 0 0 0 0 0 0
0 10 104 0 0 0 0 0 20 76 0 73 0 0 0 0 0 0 63 0 0 0 0 44 0 76 0 0 0 83 0 123 176 0 0 0 96 0 0 0 0 0 0 0 0 0 0 0 137 44 0 0 157 0 0 0 0 0 116 0 193 185 0 0 0 0 0 0 19 47 10 0 0 74 61 33 0 0 75 79 0 155 0 104 0 47 126 22 0 0 0 56 0 79 0 86 46 0 0 0
9 4 23 187 0 45 0 135 110 186 0 0 196 167 133 0 176 0 152 151 174 176 67 21 106 0 58 0 0 120 106 148 0 97 122 0 47 89 98 0 0 0 109 0 57 0 148 105 2 162 192 0 0 0 130 96 0 0 6 103 0 145 177 145 0 0 0 126 58 23 128 168 0 0 32 0 138 94 121 140 53 111 155 77 41 129 0 22 0 105 12 73 0 24 0 52 105 0 147 0
0 133 98 164 54 0 58 0 129 148 75 0 199 83 82 38 0 199 0 132 170 143 199 154 0 66 11 162 0 112 148 6 8 93 76 5 56 152 151 100 31 45 0 21 41 0 186 0 119 0 11 197 120 66 199 116 18 78 0 0 195 110 53 8 34 136 28 176 136 151 0 110 133 0 41 0 175 0 40 27 0 173 137 0 42 0 132 101 100 69 18 193 84 82 36 127 55 43 63 21
0 0 0 154 140 0 72 0 141 188 103 48 84 61 144 179 182 0 185 0 0 85 133 96 24 196 145 102 20 127 85 133 181 143 98 104 0 90 197 99 77 27 182 110 29 187 114 91 14 131 170 67 12 94 0 7 55 28 130 66 108 56 86 55 141 51 196 26 159 146 100 194 0 50 159 20 115 0 52 0 82 0 5 0 167 18 99 0 115 68 66 12 133 0 47 148 190 140 137 82
9 0 0 0 0 86 39 156 197 0 97 154 27 52 85 82 0 0 3 59 110 55 156 149 42 114 83 0 14 122 0 151 0 0 0 97 102 0 10 0 169 12 0 0 0 151 160 173 0 88 0 29 136 54 101 148 11 0 174 29 174 131 22 0 135 53 0 0 0 0 0 74 94 185 25 133 4 165 1 92 71 127 0 1 0 0 136 38 11 10 31 81 0 0 0 119 109 87 0 22
82 12 167 81 0 13 13 105 169 20 173 91 92 0 89 121 0 190 0 69 0 85 73 67 45 0 0 0 0 192 0 122 0 7 74 0 143 58 186 99 68 69 105 92 199 139 2 0 0 121 0 47 0 12 33 181 102 0 176 0 0 197 99 0 132 125 0 144 119 0 0 60 195 0 0 0 44 0 0 8 0 116 110 0 185 133 0 1 167 0 106 193 0 108 0 56 6 0 159 160
0 46 0 169 166 94 158 0 0 112 0 0 128 114 0 187 0 0 185 168 73 129 126 192 59 91 0 0 124 0 0 0 97 0 144 37 0 146 0 57 14 0 122 125 197 0 0 0 0 31 0 0 62 92 0 133 31 196 0 83 0 0 21 0 0 65 0 0 0 0 19 0 0 159 16 0 0 149 28 0 0 0 0 0 17 89 39 0 0 0 0 0 0 0 0 84 0 0 0 127
156 127 0 183 1 184 0 0 0 76 43 0 0 0 0 141 80 0 169 0 110 0 113 171 58 144 0 0 0 0 98 27 0 0 50 0 0 122 194 0 0 139 0 0 0 0 0 0 0 113 0 0 0 42 0 0 0 0 0 0 0 0 0 0 78 187 0 0 66 0 171 0 186 163 116 101 71 0 52 0 199 31 0 0 0 0 145 0 0 194 0 188 141 112 95 0 143 0 49 153
27 120 181 0 28 0 176 0 0 109 4 158 0 186 110 0 0 145 114 22 138 176 107 97 18 0 0 54 0 0 143 0 0 0 0 80 0 0 42 42 54 0 0 0 0 0 12 0 0 191 0 0 0 99 64 0 0 3 0 0 99 0 37 0 16 0 0 0 114 170 54 12 0 0 74 0 0 0 72 138 0 80 0 0 0 0 134 105 0 61 0 0 0 38 0 3 187 0 0 0
0 0 77 0 0 0 113 0 82 0 0 14 0 0 0 89 0 0 0 0 0 0 0 136 150 0 172 150 36 0 4 0 0 0 0 162 0 0 0 0 0 0 79 0 0 0 0 0 158 18 0 111 0 112 0 0 0 159 0 49 0 0 181 0 0 113 0 0 191 0 0 0 0 115 0 0 0 0 45 0 142 116 182 0 0 177 113 156 134 193 0 45 72 0 0 0 0 56 29 0
55 135 117 25 0 0 109 113 124 193 48 0 77 0 106 0 173 0 0 167 93 198 19 153 93 174 100 17 12 166 107 185 0 53 142 199 0 48 0 8 175 80 103 100 75 0 56 167 168 46 27 12 122 156 68 0 109 120 24 140 72 50 139 0 0 65 108 51 0 182 160 137 141 0 73 139 58 0 0 89 124 147 0 171 0 164 0 0 83 137 65 23 148 58 148 144 0 109 0 0
19 0 181 0 0 5 76 40 0 103 28 0 95 101 40 77 0 128 179 155 0 98 0 0 0 160 9 49 0 0 62 0 0 52 0 23 15 0 0 0 0 41 0 93 95 0 68 47 0 73 173 57 42 0 3 179 0 129 135 134 0 191 0 39 86 67 42 67 0 110 0 0 70 0 0 0 0 172 17 81 0 102 0 90 0 175 0 109 134 18 157 177 20 68 0 0 12 168 175 0